##FastQC	0.12.1
>>Basic Statistics	pass
#Measure	Value
Filename	sample_72_0_01.fq.gz
File type	Conventional base calls
Encoding	Sanger / Illumina 1.9
Total Sequences	3326783
Total Bases	499 Mbp
Sequences flagged as poor quality	0
Sequence length	150
%GC	55
>>END_MODULE
>>Per base sequence quality	pass
#Base	Mean	Median	Lower Quartile	Upper Quartile	10th Percentile	90th Percentile
1	33.436368407557694	35.0	32.0	35.0	32.0	35.0
2	33.60889002979756	35.0	32.0	35.0	32.0	35.0
3	33.64596278146185	35.0	32.0	35.0	32.0	35.0
4	37.086696667621545	38.0	36.0	38.0	36.0	38.0
5	36.97770067960549	38.0	36.0	38.0	36.0	38.0
6	36.9739826733514	38.0	36.0	38.0	36.0	38.0
7	36.96553306903396	38.0	36.0	38.0	36.0	38.0
8	36.952930203142195	38.0	36.0	38.0	36.0	38.0
9	38.66400393413096	40.0	38.0	40.0	36.0	40.0
10-14	38.873737120816116	40.2	38.2	40.4	36.0	40.4
15-19	39.91462094161236	41.0	39.0	42.0	36.0	42.0
20-24	39.80040297188005	41.0	39.0	42.0	35.4	42.0
25-29	39.52232093286518	41.0	39.0	42.0	34.8	42.0
30-34	39.191135039466054	41.0	38.8	42.0	34.0	42.0
35-39	38.830637465683814	41.0	37.8	42.0	33.6	42.0
40-44	38.17405992515893	40.2	36.2	42.0	32.2	42.0
45-49	37.473844551929	39.2	36.0	41.4	31.2	42.0
50-54	36.804250953548824	38.2	35.0	41.0	30.2	42.0
55-59	36.49869985508523	37.0	35.0	40.8	30.4	42.0
60-64	35.96150960251991	36.0	35.0	39.8	30.0	42.0
65-69	35.28224564090895	36.0	34.4	38.2	29.6	41.0
70-74	34.64536917496573	36.0	34.0	37.0	28.2	39.8
75-79	34.04176743719082	35.8	33.8	36.0	27.8	38.0
80-84	33.93118871895162	36.0	34.0	36.0	28.0	37.0
85-89	33.605922117553206	36.0	34.0	36.0	27.8	36.4
90-94	33.340346454818366	36.0	33.8	36.0	26.2	36.0
95-99	33.11643422489534	36.0	33.0	36.0	25.6	36.0
100-104	32.83905550797873	36.0	32.8	36.0	25.0	36.0
105-109	32.59365813760621	35.2	32.0	36.0	22.8	36.0
110-114	32.273230805856585	35.0	32.0	36.0	20.8	36.0
115-119	32.037229058823485	35.0	31.2	36.0	19.6	36.0
120-124	31.829681647405316	35.0	31.0	36.0	17.8	36.0
125-129	31.388159672572574	35.0	30.0	36.0	15.2	36.0
130-134	31.00168372869526	34.6	30.0	36.0	15.0	36.0
135-139	30.63900831524028	34.0	28.0	36.0	15.0	36.0
140-144	30.194473459795848	34.0	27.2	36.0	15.0	36.0
145-149	29.459088915628104	34.0	24.2	36.0	15.0	36.0
150	27.641508328015384	31.0	16.0	35.0	15.0	36.0
>>END_MODULE
>>Per sequence quality scores	pass
#Quality	Count
31	2.0
32	1066.0
33	161939.0
34	2044770.0
35	1112523.0
36	6483.0
>>END_MODULE
>>Per base sequence content	pass
#Base	G	A	T	C
1	27.668170722286366	22.313658570456806	22.313057389075272	27.705113318181557
2	27.711485840825805	22.260213545638535	22.317175481538772	27.711125131996887
3	27.720683915963257	22.26757801756231	22.270493747262744	27.741244319211685
4	27.73225665755777	22.296134133185124	22.2664357729374	27.705173436319715
5	27.651517998017905	22.298057913606026	22.282246843271714	27.768177245104354
6	27.711125131996887	22.30223612420768	22.290783618889478	27.695855124905954
7	27.709411765059517	22.348016086411405	22.26742772221693	27.675144426312148
8	27.685364509798205	22.30277718745106	22.289370842642878	27.722487460107857
9	27.69576494769872	22.292977930932075	22.288408952432427	27.722848168936775
10-14	27.705734200621695	22.28769488648312	22.29832377394761	27.708247138947574
15-19	27.702570320937674	22.29806993723366	22.25795310364397	27.741406638184696
20-24	27.708401780338544	22.300721147126218	22.284922100419536	27.705954972115705
25-29	27.72214478672038	22.27256181121522	22.30046263913216	27.704830762932236
30-34	27.71153393533633	22.29681947996007	22.291859733562426	27.699786851141177
35-39	27.706417881779483	22.290068213045455	22.29392178570108	27.70959211947398
40-44	27.70055201680134	22.299910892890274	22.281586883279545	27.717950207028846
45-49	27.72481403205439	22.291396823898644	22.290434933688193	27.693354210358777
50-54	27.709652237612133	22.289106322835003	22.29252103308211	27.708720406470754
55-59	27.710199312669324	22.291252540367076	22.283274863434137	27.715273283529463
60-64	27.714245263367044	22.282787906515093	22.283304922503213	27.71966190761465
65-69	27.700712670468736	22.297576968500803	22.288090326300214	27.713620034730248
70-74	27.726497339922684	22.27393851657893	22.295088077581255	27.704476065917135
75-79	27.707944882488576	22.276084734111002	22.2859681560234	27.73000222737702
80-84	27.705299684409834	22.28667755005361	22.288192527135074	27.71983023840148
85-89	27.730699597779594	22.297685181149475	22.288306751597563	27.68330846947336
90-94	27.71907274986075	22.278663802237777	22.29402398653594	27.70823946136553
95-99	27.72422487430049	22.287056294323975	22.292689363868938	27.696029467506598
100-104	27.71971166858263	22.29178292012331	22.276609101141197	27.711896310152863
105-109	27.711473817198172	22.298611000477038	22.291847709934792	27.698067472389994
110-114	27.71086662400283	22.27351167779804	22.29564717626608	27.71997452193305
115-119	27.699209717014906	22.304406388995012	22.283521347800566	27.712862546189516
120-124	27.692205953920045	22.31223377058257	22.307724910221076	27.687835365276303
125-129	27.704446006848055	22.304045680166094	22.295995861467368	27.69551245151848
130-134	27.697959259741317	22.2974206613416	22.31258245578386	27.69203762313322
135-139	27.711419710873837	22.30158083650181	22.292587163034078	27.694412289590275
140-144	27.696247557850782	22.307600003222333	22.301828661612653	27.694323777314228
145-149	27.69727391296637	22.32346985060342	22.296146156812753	27.683110079617457
150	27.69351051751797	22.28498221855769	22.336503462955054	27.685003800969284
>>END_MODULE
>>Per sequence GC content	fail
#GC Content	Count
0	0.0
1	0.0
2	0.0
3	1.5
4	4.0
5	5.0
6	11.5
7	22.5
8	32.5
9	56.0
10	107.0
11	179.0
12	284.5
13	464.0
14	669.0
15	955.0
16	1383.0
17	1951.5
18	2575.0
19	3310.0
20	4396.5
21	5616.0
22	6867.0
23	8375.5
24	9961.0
25	11732.0
26	13742.5
27	15960.0
28	18541.0
29	21215.5
30	23901.0
31	26743.0
32	29635.5
33	32783.5
34	36158.0
35	39301.5
36	42192.5
37	44945.5
38	47593.5
39	49522.0
40	50675.0
41	51196.5
42	50821.0
43	50152.5
44	49625.0
45	48842.5
46	48022.0
47	47616.0
48	47916.5
49	49052.5
50	50855.5
51	53682.5
52	57148.0
53	61096.5
54	65553.0
55	70500.5
56	76553.5
57	83558.5
58	91110.0
59	98397.0
60	105592.5
61	112644.5
62	118592.0
63	122235.5
64	123733.0
65	123863.0
66	121378.5
67	115927.0
68	108685.0
69	99964.0
70	89642.5
71	78637.5
72	67670.5
73	57007.5
74	46562.0
75	37049.5
76	28917.0
77	21634.5
78	15426.0
79	10657.5
80	7118.5
81	4558.5
82	2725.5
83	1476.5
84	766.5
85	390.0
86	201.0
87	89.5
88	35.5
89	19.0
90	10.0
91	3.0
92	0.5
93	0.0
94	0.0
95	0.5
96	0.5
97	0.0
98	0.0
99	0.0
100	0.0
>>END_MODULE
>>Per base N content	pass
#Base	N-Count
1	0.0
2	0.0
3	0.0
4	0.0
5	0.0
6	0.0
7	0.0
8	0.0
9	0.0
10-14	6.011813815328502E-6
15-19	0.0
20-24	0.0
25-29	0.0
30-34	0.0
35-39	0.0
40-44	0.0
45-49	0.0
50-54	0.0
55-59	0.0
60-64	0.0
65-69	0.0
70-74	0.0
75-79	0.0
80-84	0.0
85-89	0.0
90-94	0.0
95-99	0.0
100-104	0.0
105-109	0.0
110-114	0.0
115-119	0.0
120-124	0.0
125-129	0.0
130-134	0.0
135-139	0.0
140-144	6.011813815328502E-6
145-149	0.0
150	0.0
>>END_MODULE
>>Sequence Length Distribution	pass
#Length	Count
150	3326783.0
>>END_MODULE
>>Sequence Duplication Levels	pass
#Total Deduplicated Percentage	97.76678422040182
#Duplication Level	Percentage of total
1	95.61690083330066
2	4.145780929015141
3	0.21323422117501567
4	0.02196091133434042
5	0.0021231051748405966
6	0.0
7	0.0
8	0.0
9	0.0
>10	0.0
>50	0.0
>100	0.0
>500	0.0
>1k	0.0
>5k	0.0
>10k+	0.0
>>END_MODULE
>>Overrepresented sequences	pass
>>END_MODULE
>>Adapter Content	pass
#Position	Illumina Universal Adapter	Illumina Small RNA 3' Adapter	Illumina Small RNA 5' Adapter	Nextera Transposase Sequence	PolyA	PolyG
1	0.0	0.0	0.0	0.0	0.0	3.005906907664251E-5
2	0.0	3.005906907664251E-5	3.005906907664251E-5	0.0	0.0	3.005906907664251E-5
3	0.0	3.005906907664251E-5	3.005906907664251E-5	0.0	0.0	3.005906907664251E-5
4	0.0	3.005906907664251E-5	3.005906907664251E-5	0.0	3.005906907664251E-5	3.005906907664251E-5
5	3.005906907664251E-5	3.005906907664251E-5	3.005906907664251E-5	0.0	3.005906907664251E-5	3.005906907664251E-5
6	3.005906907664251E-5	3.005906907664251E-5	3.005906907664251E-5	0.0	3.005906907664251E-5	3.005906907664251E-5
7	3.005906907664251E-5	3.005906907664251E-5	6.011813815328502E-5	0.0	3.005906907664251E-5	3.005906907664251E-5
8	3.005906907664251E-5	3.005906907664251E-5	6.011813815328502E-5	0.0	3.005906907664251E-5	3.005906907664251E-5
9	3.005906907664251E-5	3.005906907664251E-5	6.011813815328502E-5	0.0	3.005906907664251E-5	3.005906907664251E-5
10-11	3.005906907664251E-5	3.005906907664251E-5	6.011813815328502E-5	0.0	3.005906907664251E-5	6.011813815328502E-5
12-13	3.005906907664251E-5	7.514767269160627E-5	6.011813815328502E-5	0.0	3.005906907664251E-5	6.011813815328502E-5
14-15	3.005906907664251E-5	9.017720722992753E-5	1.0520674176824879E-4	0.0	6.011813815328502E-5	7.514767269160627E-5
16-17	3.005906907664251E-5	1.5029534538321256E-4	1.5029534538321256E-4	0.0	6.011813815328502E-5	1.0520674176824879E-4
18-19	3.005906907664251E-5	1.5029534538321256E-4	1.5029534538321256E-4	0.0	7.514767269160627E-5	1.2023627630657004E-4
20-21	3.005906907664251E-5	1.5029534538321256E-4	1.653248799215338E-4	0.0	9.017720722992753E-5	1.352658108448913E-4
22-23	6.011813815328502E-5	1.653248799215338E-4	1.8035441445985506E-4	0.0	1.0520674176824879E-4	1.5029534538321256E-4
24-25	6.011813815328502E-5	1.8035441445985506E-4	1.953839489981763E-4	0.0	1.2023627630657004E-4	1.5029534538321256E-4
26-27	6.011813815328502E-5	1.8035441445985506E-4	2.2544301807481883E-4	0.0	1.2023627630657004E-4	1.653248799215338E-4
28-29	6.011813815328502E-5	1.953839489981763E-4	2.4047255261314007E-4	0.0	1.2023627630657004E-4	1.953839489981763E-4
30-31	6.011813815328502E-5	2.1041348353649758E-4	3.0059069076642506E-4	0.0	1.352658108448913E-4	2.1041348353649758E-4
32-33	6.011813815328502E-5	2.2544301807481883E-4	3.607088289197101E-4	0.0	1.8035441445985508E-4	2.1041348353649758E-4
34-35	6.011813815328502E-5	2.4047255261314007E-4	4.2082696707299516E-4	0.0	2.1041348353649758E-4	2.1041348353649758E-4
36-37	6.011813815328502E-5	2.4047255261314007E-4	4.2082696707299516E-4	0.0	2.555020871514613E-4	2.2544301807481883E-4
38-39	6.011813815328502E-5	2.555020871514613E-4	4.5088603614963765E-4	0.0	2.7053162168978257E-4	2.4047255261314007E-4
40-41	6.011813815328502E-5	2.7053162168978257E-4	5.410632433795651E-4	0.0	2.7053162168978257E-4	2.7053162168978257E-4
42-43	6.011813815328502E-5	2.7053162168978257E-4	5.410632433795651E-4	0.0	2.7053162168978257E-4	2.7053162168978257E-4
44-45	6.011813815328502E-5	2.7053162168978257E-4	5.410632433795651E-4	0.0	2.7053162168978257E-4	2.7053162168978257E-4
46-47	6.011813815328502E-5	2.7053162168978257E-4	5.560927779178864E-4	0.0	2.7053162168978257E-4	2.7053162168978257E-4
48-49	6.011813815328502E-5	3.005906907664251E-4	6.162109160711715E-4	0.0	2.8556115622810384E-4	3.005906907664251E-4
50-51	6.011813815328502E-5	3.306497598430676E-4	6.312404506094927E-4	0.0	3.005906907664251E-4	3.005906907664251E-4
52-53	7.514767269160627E-5	3.306497598430676E-4	6.312404506094927E-4	0.0	3.005906907664251E-4	3.306497598430676E-4
54-55	9.017720722992753E-5	3.306497598430676E-4	6.612995196861352E-4	0.0	3.306497598430676E-4	3.306497598430676E-4
56-57	9.017720722992753E-5	3.907678979963526E-4	7.06388123301099E-4	0.0	3.306497598430676E-4	3.306497598430676E-4
58-59	9.017720722992753E-5	3.907678979963526E-4	7.364471923777414E-4	0.0	3.4567929438138884E-4	3.306497598430676E-4
60-61	9.017720722992753E-5	3.907678979963526E-4	7.66506261454384E-4	0.0	3.907678979963526E-4	3.607088289197101E-4
62-63	9.017720722992753E-5	4.057974325346739E-4	7.815357959927052E-4	0.0	4.358565016113164E-4	3.607088289197101E-4
64-65	9.017720722992753E-5	4.2082696707299516E-4	7.815357959927052E-4	0.0	4.5088603614963765E-4	4.2082696707299516E-4
66-67	9.017720722992753E-5	4.5088603614963765E-4	7.815357959927052E-4	0.0	4.8094510522628015E-4	4.358565016113164E-4
68-69	9.017720722992753E-5	4.5088603614963765E-4	7.965653305310265E-4	0.0	4.8094510522628015E-4	4.5088603614963765E-4
70-71	9.017720722992753E-5	4.659155706879589E-4	8.115948650693478E-4	0.0	5.110041743029227E-4	4.5088603614963765E-4
72-73	9.017720722992753E-5	5.110041743029227E-4	8.416539341459903E-4	0.0	5.110041743029227E-4	4.659155706879589E-4
74-75	9.017720722992753E-5	5.110041743029227E-4	8.566834686843115E-4	0.0	5.260337088412439E-4	4.8094510522628015E-4
76-77	9.017720722992753E-5	5.110041743029227E-4	8.717130032226328E-4	0.0	5.560927779178864E-4	4.8094510522628015E-4
78-79	9.017720722992753E-5	5.260337088412439E-4	8.717130032226328E-4	0.0	5.711223124562077E-4	4.8094510522628015E-4
80-81	9.017720722992753E-5	5.410632433795651E-4	9.017720722992753E-4	0.0	5.711223124562077E-4	4.8094510522628015E-4
82-83	9.017720722992753E-5	5.711223124562077E-4	9.168016068375965E-4	0.0	6.162109160711715E-4	4.8094510522628015E-4
84-85	9.017720722992753E-5	5.711223124562077E-4	9.618902104525603E-4	0.0	6.312404506094927E-4	4.959746397646015E-4
86-87	9.017720722992753E-5	6.011813815328502E-4	0.0010670969522208092	0.0	6.312404506094927E-4	5.110041743029227E-4
88-89	9.017720722992753E-5	6.011813815328502E-4	0.0010821264867591303	0.0	6.312404506094927E-4	5.410632433795651E-4
90-91	9.017720722992753E-5	6.46269985147814E-4	0.0010821264867591303	0.0	6.312404506094927E-4	5.410632433795651E-4
92-93	9.017720722992753E-5	6.913585887627778E-4	0.0010971560212974516	1.5029534538321255E-5	6.312404506094927E-4	5.410632433795651E-4
94-95	9.017720722992753E-5	6.913585887627778E-4	0.001127215090374094	3.005906907664251E-5	6.612995196861352E-4	5.711223124562077E-4
96-97	9.017720722992753E-5	6.913585887627778E-4	0.0012023627630657003	3.005906907664251E-5	6.612995196861352E-4	5.711223124562077E-4
98-99	9.017720722992753E-5	7.06388123301099E-4	0.001232421832142343	4.5088603614963764E-5	6.612995196861352E-4	5.711223124562077E-4
100-101	9.017720722992753E-5	7.214176578394202E-4	0.001232421832142343	6.011813815328502E-5	6.913585887627778E-4	5.711223124562077E-4
102-103	9.017720722992753E-5	7.214176578394202E-4	0.0012775104357573067	6.011813815328502E-5	7.214176578394202E-4	6.011813815328502E-4
104-105	9.017720722992753E-5	7.214176578394202E-4	0.001292539970295628	6.011813815328502E-5	7.214176578394202E-4	6.011813815328502E-4
106-107	9.017720722992753E-5	7.214176578394202E-4	0.0013376285739105918	6.011813815328502E-5	7.214176578394202E-4	6.011813815328502E-4
108-109	9.017720722992753E-5	7.214176578394202E-4	0.0013977467120638767	6.011813815328502E-5	7.214176578394202E-4	6.011813815328502E-4
110-111	9.017720722992753E-5	7.514767269160628E-4	0.0014278057811405193	6.011813815328502E-5	7.514767269160628E-4	6.011813815328502E-4
112-113	9.017720722992753E-5	7.514767269160628E-4	0.0014428353156788404	6.011813815328502E-5	7.514767269160628E-4	6.011813815328502E-4
114-115	9.017720722992753E-5	7.514767269160628E-4	0.0014578648502171618	6.011813815328502E-5	7.514767269160628E-4	6.312404506094927E-4
116-117	9.017720722992753E-5	7.514767269160628E-4	0.0014879239192938042	6.011813815328502E-5	7.514767269160628E-4	6.312404506094927E-4
118-119	9.017720722992753E-5	7.514767269160628E-4	0.0015029534538321255	6.011813815328502E-5	7.514767269160628E-4	6.462699851478139E-4
120-121	9.017720722992753E-5	7.514767269160628E-4	0.001533012522908768	6.011813815328502E-5	7.514767269160628E-4	6.612995196861352E-4
122-123	9.017720722992753E-5	7.514767269160628E-4	0.0016231897301386955	6.011813815328502E-5	7.815357959927052E-4	6.612995196861352E-4
124-125	1.2023627630657004E-4	7.514767269160628E-4	0.001713366937368623	6.011813815328502E-5	7.965653305310265E-4	6.763290542244566E-4
126-127	1.2023627630657004E-4	7.514767269160628E-4	0.001713366937368623	6.011813815328502E-5	8.416539341459903E-4	6.913585887627778E-4
128-129	1.2023627630657004E-4	7.815357959927052E-4	0.0017283964719069442	6.011813815328502E-5	8.717130032226328E-4	6.913585887627778E-4
130-131	1.2023627630657004E-4	7.815357959927052E-4	0.0017734850755219082	6.011813815328502E-5	8.717130032226328E-4	7.06388123301099E-4
132-133	1.2023627630657004E-4	7.815357959927052E-4	0.001833603213675193	7.514767269160627E-5	8.717130032226328E-4	7.214176578394202E-4
134-135	1.2023627630657004E-4	7.815357959927052E-4	0.0018636622827518357	9.017720722992753E-5	8.867425377609541E-4	7.364471923777414E-4
136-137	1.2023627630657004E-4	7.815357959927052E-4	0.0019538394899817632	9.017720722992753E-5	9.468606759142391E-4	7.965653305310265E-4
138-139	1.2023627630657004E-4	7.815357959927052E-4	0.001998928093596727	9.017720722992753E-5	9.618902104525603E-4	8.115948650693478E-4
>>END_MODULE
